-399	2.513652342156761e-13
-398	3.221547428200775e-13
-397	4.123642240909787e-13
-396	5.271747027486849e-13
-395	6.731088115130182e-13
-394	8.583672153741223e-13
-393	1.093246509892284e-12
-392	1.390657586227569e-12
-391	1.766767699923641e-12
-390	2.241794629294618e-12
-389	2.8409875451365195e-12
-388	3.5958367535094825e-12
-387	4.5455635752212695e-12
-386	5.738952594704586e-12
-385	7.2366017082406425e-12
-384	9.11368125298537e-12
-383	1.1463312505790635e-11
-382	1.4400698594192174e-11
-381	1.806816805302785e-11
-380	2.2641323698878327e-11
-379	2.8336528127047745e-11
-378	3.542000306510866e-11
-377	4.42188743261946e-11
-376	5.5134558683590785e-11
-375	6.865896536072803e-11
-374	8.539407499096704e-11
-373	1.0607556514814428e-10
-372	1.3160127652613415e-10
-371	1.6306546058862056e-10
-370	2.0179992149401828e-10
-369	2.4942336629435046e-10
-368	3.0790051233381083e-10
-367	3.7961277457298657e-10
-366	4.674426740657606e-10
-365	5.748744786062567e-10
-364	7.061140150720728e-10
-363	8.662310885713864e-10
-362	1.0613285155220235e-9
-361	1.2987424367219762e-9
-360	1.5872793339847009e-9
-359	1.9374960429766455e-9
-358	2.3620300498704176e-9
-357	2.875988496166359e-9
-356	3.4974056119717913e-9
-355	4.247779772265137e-9
-354	5.152703044065645e-9
-353	6.242597987648852e-9
-352	7.553578616534664e-9
-351	9.128454835372023e-9
-350	1.101790239040714e-8
-349	1.3281823414196296e-8
-348	1.5990926056689024e-8
-347	1.922855550257778e-8
-346	2.3092812915286674e-8
-345	2.769900355793801e-8
-344	3.3182460558986185e-8
-343	3.970179655360406e-8
-342	4.744264178035107e-8
-341	5.662193418496924e-8
-340	6.749283471736851e-8
-339	8.035034934047304e-8
-338	9.553774833473387e-8
-337	1.1345388331052293e-7
-336	1.3456151295862553e-7
-335	1.5939675999720231e-7
-334	1.8857983402536765e-7
-333	2.2282716807370226e-7
-332	2.629651305449826e-7
-331	3.0994548894636136e-7
-330	3.6486281729508886e-7
-329	4.289740552852528e-7
-328	5.037204441658834e-7
-327	5.907520817131098e-7
-326	6.919553565694722e-7
-325	8.094835404346166e-7
-324	9.457908349575975e-7
-323	1.1036701885051872e-6
-322	1.286295216032776e-6
-321	1.4972665727987285e-6
-320	1.7406631493358625e-6
-319	2.0210984705814993e-6
-318	2.3437826959856905e-6
-317	2.714590629338537e-6
-316	3.140136156511847e-6
-315	3.6278535357843823e-6
-314	4.186085968357458e-6
-313	4.824181875472301e-6
-312	5.552599302575666e-6
-311	6.383018859575331e-6
-310	7.328465588678781e-6
-309	8.403440126889463e-6
-308	9.624059498197665e-6
-307	0.000011008207830090492
-306	0.000012575697239458388
-305	0.000014348439073545922
-304	0.00001635062562155525
-303	0.000018608922331172455
-302	0.000021152670471010966
-301	0.000024014100074182523
-300	0.000027228552879432568
-299	0.000030834714854133336
-298	0.00003487485773766625
-297	0.00003939508888423607
-296	0.00004444560851101053
-295	0.00005008097327092133
-294	0.00005636036486996123
-293	0.00006334786223706595
-292	0.00007111271553162892
-291	0.00007972962004058239
-290	0.00008927898777530248
-289	0.0000998472143301675
-288	0.00011152693831154961
-287	0.00012441729039079253
-286	0.0001386241287800975
-285	0.00015426025767930544
-284	0.00017144562499773463
-283	0.00019030749542223283
-282	0.00021098059468443504
-281	0.00023360722068115598
-280	0.0002583373169263755
-279	0.00028532850366609543
-278	0.00031474606187328267
-277	0.00034676286526408106
-276	0.0003815592554434299
-275	0.0004193228553030658
-274	0.00046024831586241225
-273	0.0005045369918676462
-272	0.0005523965416506189
-271	0.0006040404470011937
-270	0.0006596874491274538
-269	0.0007195608971710094
-268	0.000783888006211537
-267	0.0008528990222372321
-266	0.0009268262921766597
-265	0.0010059032377822646
-264	0.0010903632329252659
-263	0.001180438384703348
-262	0.0012763582196730276
-261	0.0013783482774929383
-260	0.001486628615296661
-259	0.0016014122271968405
-258	0.0017229033844476636
-257	0.001851295902950592
-256	0.001986771345967703
-255	0.0021294971710957983
-254	0.0022796248317397717
-253	0.002437287844491206
-252	0.0026025998349531363
-251	0.0027756525756386717
-250	0.002956514030593708
-249	0.0031452264223359133
-248	0.003341804337547148
-247	0.0035462328886880063
-246	0.0037584659493055616
-245	0.003978424481263079
-244	0.004205994972419213
-243	0.0044410280034106854
-242	0.00468333696213467
-241	0.0049326969242750604
-240	0.005188843717761949
-239	0.005451473188389992
-238	0.005720240682944761
-237	0.005994760765095585
-236	0.006274607178009995
-235	0.006559313066132561
-234	0.006848371466857228
-233	0.007141236080916321
-232	0.007437322328224835
-231	0.007736008693670455
-230	0.008036638364947085
-229	0.008338521162013106
-228	0.008640935755139252
-227	0.008943132165820473
-226	0.009244334542089418
-225	0.009543744197015867
-224	0.009840542896437154
-223	0.010133896379271645
-222	0.010422958091152292
-221	0.010706873109613432
-220	0.010984782236702623
-219	0.011255826232702281
-218	0.011519150162662774
-217	0.011773907825697962
-216	0.012019266235501806
-215	0.012254410119334515
-214	0.012478546401818483
-213	0.012690908639296367
-212	0.012890761370248255
-211	0.013077404347352793
-210	0.01325017661721296
-209	0.013408460414552719
-208	0.013551684838822584
-207	0.013679329282622396
-206	0.0137909265831473
-205	0.013886065869970368
-204	0.013964395084873864
-203	0.01402562315210533
-202	0.014069521780337487
-201	0.014095926880721355
-200	0.01410473958870618
-199	0.014095926880721355
-198	0.014069521780337484
-197	0.01402562315210533
-196	0.013964395084873864
-195	0.013886065869970364
-194	0.0137909265831473
-193	0.013679329282622393
-192	0.01355168483882258
-191	0.013408460414552719
-190	0.01325017661721296
-189	0.013077404347352795
-188	0.012890761370248255
-187	0.012690908639296367
-186	0.01247854640181848
-185	0.012254410119334515
-184	0.012019266235501806
-183	0.01177390782569796
-182	0.011519150162662774
-181	0.011255826232702281
-180	0.01098478223670262
-179	0.010706873109613432
-178	0.010422958091152292
-177	0.010133896379271642
-176	0.009840542896437154
-175	0.009543744197015867
-174	0.009244334542089418
-173	0.008943132165820473
-172	0.008640935755139252
-171	0.008338521162013106
-170	0.008036638364947085
-169	0.007736008693670457
-168	0.007437322328224835
-167	0.007141236080916321
-166	0.006848371466857228
-165	0.006559313066132561
-164	0.006274607178009995
-163	0.005994760765095585
-162	0.005720240682944759
-161	0.005451473188389992
-160	0.005188843717761951
-159	0.004932696924275063
-158	0.00468333696213467
-157	0.0044410280034106854
-156	0.004205994972419211
-155	0.003978424481263079
-154	0.0037584659493055624
-153	0.0035462328886880063
-152	0.003341804337547148
-151	0.0031452264223359124
-150	0.002956514030593708
-149	0.0027756525756386717
-148	0.0026025998349531363
-147	0.0024372878444912055
-146	0.0022796248317397717
-145	0.0021294971710957983
-144	0.0019867713459677024
-143	0.001851295902950592
-142	0.0017229033844476636
-141	0.0016014122271968412
-140	0.001486628615296661
-139	0.0013783482774929383
-138	0.0012763582196730276
-137	0.001180438384703348
-136	0.0010903632329252659
-135	0.001005903237782265
-134	0.0009268262921766597
-133	0.0008528990222372321
-132	0.000783888006211537
-131	0.0007195608971710094
-130	0.0006596874491274539
-129	0.0006040404470011937
-128	0.0005523965416506189
-127	0.0005045369918676463
-126	0.00046024831586241214
-125	0.0004193228553030658
-124	0.0003815592554434299
-123	0.00034676286526408117
-122	0.00031474606187328267
-121	0.00028532850366609554
-120	0.0002583373169263755
-119	0.00023360722068115598
-118	0.0002109805946844351
-117	0.00019030749542223283
-116	0.00017144562499773463
-115	0.00015426025767930544
-114	0.0001386241287800975
-113	0.00012441729039079253
-112	0.00011152693831154961
-111	0.0000998472143301675
-110	0.00008927898777530248
-109	0.00007972962004058239
-108	0.00007111271553162892
-107	0.00006334786223706595
-106	0.00005636036486996123
-105	0.000050080973270921316
-104	0.00004444560851101053
-103	0.00003939508888423607
-102	0.000034874857737666265
-101	0.000030834714854133336
-100	0.000027228552879432568
-99	0.000024014100074182523
-98	0.000021152670471010966
-97	0.000018608922331172455
-96	0.00001635062562155525
-95	0.000014348439073545922
-94	0.000012575697239458388
-93	0.000011008207830090489
-92	9.624059498197665e-6
-91	8.403440126889463e-6
-90	7.328465588678781e-6
-89	6.383018859575331e-6
-88	5.552599302575666e-6
-87	4.824181875472301e-6
-86	4.186085968357458e-6
-85	3.6278535357843823e-6
-84	3.140136156511846e-6
-83	2.714590629338537e-6
-82	2.3437826959856905e-6
-81	2.0210984705814985e-6
-80	1.7406631493358625e-6
-79	1.4972665727987285e-6
-78	1.2862952160327754e-6
-77	1.1036701885051872e-6
-76	9.457908349575978e-7
-75	8.094835404346166e-7
-74	6.919553565694722e-7
-73	5.907520817131096e-7
-72	5.037204441658834e-7
-71	4.289740552852528e-7
-70	3.6486281729508897e-7
-69	3.0994548894636136e-7
-68	2.629651305449826e-7
-67	2.2282716807370226e-7
-66	1.8857983402536765e-7
-65	1.5939675999720231e-7
-64	1.3456151295862553e-7
-63	1.1345388331052293e-7
-62	9.553774833473387e-8
-61	8.035034934047304e-8
-60	6.749283471736851e-8
-59	5.662193418496924e-8
-58	4.7442641780351084e-8
-57	3.9701796553604053e-8
-56	3.3182460558986185e-8
-55	2.769900355793801e-8
-54	2.3092812915286674e-8
-53	1.922855550257778e-8
-52	1.5990926056689024e-8
-51	1.3281823414196296e-8
-50	1.101790239040714e-8
-49	9.128454835372023e-9
-48	7.553578616534664e-9
-47	6.242597987648852e-9
-46	5.152703044065647e-9
-45	4.247779772265137e-9
-44	3.4974056119717913e-9
-43	2.875988496166359e-9
-42	2.3620300498704176e-9
-41	1.9374960429766455e-9
-40	1.5872793339847009e-9
-39	1.2987424367219756e-9
-38	1.0613285155220235e-9
-37	8.662310885713866e-10
-36	7.061140150720728e-10
-35	5.748744786062567e-10
-34	4.674426740657607e-10
-33	3.7961277457298657e-10
-32	3.0790051233381083e-10
-31	2.4942336629435046e-10
-30	2.0179992149401823e-10
-29	1.6306546058862056e-10
-28	1.316012765261341e-10
-27	1.0607556514814424e-10
-26	8.539407499096704e-11
-25	6.865896536072806e-11
-24	5.5134558683590785e-11
-23	4.42188743261946e-11
-22	3.5420003065108666e-11
-21	2.8336528127047735e-11
-20	2.2641323698878327e-11
-19	1.806816805302785e-11
-18	1.4400698594192174e-11
-17	1.1463312505790635e-11
-16	9.113681252985371e-12
-15	7.23660170824064e-12
-14	5.738952594704586e-12
-13	4.5455635752212695e-12
-12	3.5958367535094817e-12
-11	2.8409875451365195e-12
-10	2.241794629294618e-12
-9	1.766767699923641e-12
-8	1.390657586227569e-12
-7	1.093246509892284e-12
-6	8.583672153741221e-13
-5	6.731088115130182e-13
-4	5.271747027486849e-13
-3	4.1236422409097853e-13
-2	3.221547428200775e-13
-1	2.513652342156761e-13
0	1.9588583163788713e-13
1	1.5246072133765466e-13
2	1.1851410675937982e-13
3	9.20108953609031e-14
4	7.134533771167038e-14
5	5.525213586678025e-14
6	4.27355872365644e-14
7	3.3013184034328826e-14
8	2.5470782167222866e-14
9	1.962701626233005e-14
10	1.5105093395021588e-14
11	1.1610466756496072e-14
12	8.913188179698521e-15
13	6.833978433158916e-15
14	5.23324737228341e-15
15	4.002451297813011e-15
16	3.05729946299233e-15
17	2.3324214990125413e-15
18	1.7771873922205776e-15
19	1.3524354414876278e-15
20	1.0279145056587595e-15
21	7.802873715181359e-16
22	5.915742931830292e-16
23	4.479413357504398e-16
24	3.3875843655901766e-16
25	2.558681510531967e-16
26	1.9301873888402824e-16
27	1.4542525988317576e-16
28	1.0943024090217036e-16
29	8.224168389342716e-17
30	6.173106426210646e-17
31	4.6277795945713934e-17
32	3.464963795163481e-17
33	2.5910862358252244e-17
34	1.9351835577346508e-17
35	1.443509330439072e-17
36	1.0754102147005338e-17
37	8.001766076312148e-18
38	5.946407625823486e-18
39	4.413474628524888e-18
40	3.2716265490644287e-18
41	2.422166231740233e-18
42	1.7910235585686216e-18
43	1.322683036223608e-18
44	9.755901362416025e-19
45	7.186809772421961e-19
46	5.2876418416105665e-19
47	3.8854832697799467e-19
48	2.8515775568207973e-19
49	2.0901741123452956e-19
50	1.5301600990762717e-19
51	1.1187895812273553e-19
52	8.169906486480199e-20
53	5.958581580136281e-20
54	4.3403607329227305e-20
55	3.157663839349595e-20
56	2.2943680883759317e-20
57	1.665012220163726e-20
58	1.2067821811748818e-20
59	8.735695440696462e-21
60	6.3157250038338105e-21
61	4.5604329118860236e-21
62	3.2888651163708567e-21
63	2.3688806780399317e-21
64	1.704109276644612e-21
65	1.2243591396965444e-21
66	8.785719759866865e-22
67	6.2965549395159935e-22
68	4.506981544425918e-22
69	3.2220011730545524e-22
70	2.3005026644817136e-22
71	1.6405025844657854e-22
72	1.168391070303196e-22
73	8.311064853100329e-23
74	5.904488012496023e-23
75	4.1895265898106e-23
76	2.968963024433881e-23
77	2.1013662781649213e-23
78	1.4854425507424232e-23
79	1.0487382152897379e-23
80	7.394953697510272e-24
81	5.207879852373135e-24
82	3.6630562312275774e-24
83	2.5732580887533808e-24
84	1.805428274477813e-24
85	1.2651274079050917e-24
86	8.854120357697363e-25
87	6.188903483645085e-25
88	4.320550945536839e-25
89	3.012462732582778e-25
90	2.0977868914509857e-25
91	1.4590097144522547e-25
92	1.0134728800185108e-25
93	7.03109898023478e-26
94	4.8718221284749764e-26
95	3.371450343615391e-26
96	2.3302324366184264e-26
97	1.6085658744270718e-26
98	1.1090103275431537e-26
99	7.636413943033713e-27
100	5.2517067226483054e-27
101	3.607186529574255e-27
102	2.4745365199096645e-27
103	1.6954159582129066e-27
104	1.160154416349358e-27
105	7.928891234730131e-28
106	5.412105516016078e-28
107	3.689582126524747e-28
108	2.512148107338206e-28
109	1.7083247411884955e-28
110	1.160253141562551e-28
111	7.870316674396151e-29
112	5.331983457352194e-29
113	3.607800474418928e-29
114	2.4381103676629847e-29
115	1.6455888764940547e-29
116	1.1092934707094612e-29
117	7.468419467713668e-30
118	5.021900224137289e-30
119	3.3725980861500605e-30
120	2.2621334960719488e-30
121	1.5154060044335249e-30
122	1.0139041689699035e-30
123	6.775197284177885e-31
124	4.521724672492875e-31
125	3.0140011621182888e-31
126	2.006503160345965e-31
127	1.3341154470663732e-31
128	8.859395894006714e-32
129	5.875866736534494e-32
130	3.8922156790071827e-32
131	2.5750104150102696e-32
132	1.7014461718790645e-32
133	1.1228314537357351e-32
134	7.400619195415751e-33
135	4.871679147262464e-33
136	3.20292249198512e-33
137	2.1031551546432037e-33
138	1.3792828246032037e-33
139	9.03425772135834e-34
140	5.910017336075349e-34
141	3.8613766491816555e-34
142	2.5197224706392257e-34
143	1.6421785833345473e-34
144	1.068919969870207e-34
145	6.949077088614582e-35
146	4.511969966233971e-35
147	2.925919697488129e-35
148	1.8950284616345843e-35
149	1.2258185902368293e-35
150	7.919427760452483e-36
151	5.109972132855865e-36
152	3.2930656872907234e-36
153	2.119529119877706e-36
154	1.3624968706035267e-36
155	8.74759708451195e-37
156	5.6091772091463206e-37
157	3.592251065514474e-37
158	2.297689479178378e-37
159	1.4678210815949042e-37
160	9.36509178531562e-38
161	5.967715177041149e-38
162	3.798055163866232e-38
163	2.4141907474781213e-38
164	1.532636012203919e-38
165	9.717702572978172e-39
166	6.153827400137339e-39
167	3.892101447883261e-39
168	2.4585561081834422e-39
169	1.551076536814106e-39
170	9.773350283960525e-40
171	6.1505058023681585e-40
172	3.865763956738272e-40
173	2.4267048849864366e-40
174	1.5214431462119487e-40
175	9.526900376619616e-41
176	5.958056967254511e-41
177	3.72147247179521e-41
178	2.3215717058356855e-41
179	1.446460323460038e-41
180	9.000944431932803e-42
181	5.5940554588127016e-42
182	3.472342744681788e-42
183	2.1526604778539852e-42
184	1.3328633312048892e-42
185	8.242383828900812e-43
186	5.090696212731582e-43
187	3.1402097646143904e-43
188	1.9346271134926985e-43
189	1.190400257851983e-43
190	7.315531528879235e-44
191	4.490098749413809e-44
192	2.752472764382695e-44
193	1.6851838955937854e-44
194	1.0304542193560534e-44
195	6.293137712166542e-45
196	3.838511985383617e-45
197	2.3383832872329025e-45
198	1.4227402815028117e-45
199	8.645551236200047e-46
200	5.247070289197587e-46
201	3.1805205573923455e-46
202	1.9254695896932113e-46
203	1.1642124859173495e-46
204	7.030479939436442e-47
205	4.2402828362524137e-47
206	2.5542406391838513e-47
207	1.5366888030348774e-47
208	9.233517467699105e-48
209	5.541222069950033e-48
210	3.321246175863606e-48
211	1.988170892727511e-48
212	1.1886759809805535e-48
213	7.097908475046962e-49
214	4.233060101118077e-49
215	2.5213643397274826e-49
216	1.4999400785403596e-49
217	8.91188030800581e-50
218	5.28837096682035e-50
219	3.1342353996021713e-50
220	1.8552329221246461e-50
221	1.096787280921274e-50
222	6.475950198735925e-51
223	3.8189302558254553e-51
224	2.249246667386526e-51
225	1.3230905763759785e-51
226	7.773188485133614e-52
227	4.56106176056817e-52
228	2.6729438715876685e-52
229	1.5644830323476324e-52
230	9.14553270997096e-53
231	5.339545471467449e-53
232	3.1135561565771814e-53
233	1.8132857510880203e-53
234	1.054709666734965e-53
235	6.127124936300819e-54
236	3.554984220760451e-54
237	2.0600404625861465e-54
238	1.192259951089984e-54
239	6.891651266517981e-55
240	3.978622753734191e-55
241	2.294031425555096e-55
242	1.3210616816969153e-55
243	7.598081723489293e-56
244	4.364574962832133e-56
245	2.504015918957515e-56
246	1.4347933195190244e-56
247	8.211050784339677e-57
248	4.69315893963333e-57
249	2.679099963553684e-57
250	1.527459508893396e-57
251	8.697764134673681e-58
252	4.9465531298293444e-58
253	2.809667072016291e-58
254	1.5939114019630263e-58
255	9.030891505308729e-59
256	5.110391877395471e-59
257	2.8882508873570457e-59
258	1.6303196332463812e-59
259	9.191105129364038e-60
260	5.17511304110668e-60
261	2.910241835185057e-60
262	1.6345396132786576e-60
263	9.168936243866726e-61
264	5.136881974228919e-61
265	2.8743348058458892e-61
266	1.6063206860926125e-61
267	8.965701642125479e-62
268	4.997967693933648e-62
269	2.782657394965378e-62
270	1.5473307793208601e-62
271	8.593374175345458e-63
272	4.766519917508235e-63
273	2.64056117692767e-63
274	1.46099317541982e-63
275	8.073414915782553e-64
276	4.455777437074991e-64
277	2.4561044910143567e-64
278	1.3521576212377524e-64
279	7.4347254131457005e-65
280	4.082814779877058e-65
281	2.2392962615960027e-65
282	1.2266497192337237e-65
283	6.710991741402543e-66
284	3.6669921213858564e-66
285	2.0011994795626647e-66
286	1.0907567709036307e-66
287	5.937759261862724e-67
288	3.228303714713236e-67
289	1.753005658034345e-67
290	9.507128888988195e-68
291	5.149589107583134e-68
292	2.7858190585184908e-68
293	1.5051866742527663e-68
294	8.122410904707029e-69
295	4.377606087255541e-69
296	2.3563811226865846e-69
297	1.2668101140056607e-69
298	6.801968887454002e-70
299	3.647664546560328e-70
300	1.9536748012031082e-70
301	1.0450733899263845e-70
302	5.583396067664642e-71
303	2.979251830900705e-71
304	1.5877171114307718e-71
305	8.450767777918056e-72
306	4.492378519311782e-72
307	2.3851387494866387e-72
308	1.2647598958773113e-72
309	6.698223831847827e-73
310	3.542977203150863e-73
311	1.871691170696932e-73
312	9.875455976154431e-74
313	5.203999603826531e-74
314	2.738889330861048e-74
315	1.4396895276191734e-74
316	7.55823409444811e-75
317	3.9630446367384847e-75
318	2.075366111747969e-75
319	1.0854694622528435e-75
320	5.670190247397803e-76
321	2.9582493883143785e-76
322	1.5414486722428727e-76
323	8.021959859263002e-77
324	4.169548528921273e-77
325	2.1644856615420326e-77
326	1.122218762408301e-77
327	5.811088231435297e-78
328	3.0053464619455628e-78
329	1.5523468094546782e-78
330	8.008295560545382e-79
331	4.1261837548530067e-79
332	2.1233137320332903e-79
333	1.0912817791033645e-79
334	5.6016603366576925e-80
335	2.8717972189724802e-80
336	1.4704420097319529e-80
337	7.519676628289674e-81
338	3.8406750118216334e-81
339	1.9591743519360803e-81
340	9.981498491230596e-82
341	5.0789686964665795e-82
342	2.5811453343622023e-82
343	1.3101062338590836e-82
344	6.641370358372371e-83
345	3.362528838739648e-83
346	1.7003231503996607e-83
347	8.587248878667295e-84
348	4.331454571960081e-84
349	2.182079703481329e-84
350	1.097904556517902e-84
351	5.517161502419604e-85
352	2.7690062669942303e-85
353	1.387999507775722e-85
354	6.948832087212573e-86
355	3.47449310895426e-86
356	1.7351148383344247e-86
357	8.654104295534256e-87
358	4.310951707065609e-87
359	2.14477294460091e-87
360	1.065728596524304e-87
361	5.288944964826807e-88
362	2.6214924328094706e-88
363	1.2977328577610785e-88
364	6.416218204608051e-89
365	3.1683276054988314e-89
366	1.5625652776196036e-89
367	7.6966792717239505e-90
368	3.7863934601978836e-90
369	1.8603952635365228e-90
370	9.129391695793017e-91
371	4.474408057932556e-91
372	2.1902135827007135e-91
373	1.0707657700226034e-91
374	5.2282894439591145e-92
375	2.5496578110339825e-92
376	1.2418275911973063e-92
377	6.040847105746476e-93
378	2.9348878796485114e-93
379	1.4241060042535852e-93
380	6.901607423518832e-94
381	3.3405295569386475e-94
382	1.614869816427861e-94
383	7.796808142120447e-95
384	3.7597010166680854e-95
385	1.81070167770869e-95
386	8.709588371000224e-96
387	4.184133068495547e-96
388	2.007568986015607e-96
389	9.620388258596558e-97
390	4.604387362439895e-97
391	2.2009401794825367e-97
392	1.0507557039925068e-97
393	5.010169347284636e-98
394	2.3859436736541662e-98
395	1.1348150843454503e-98
396	5.390724596496176e-99
397	2.5575628910514398e-99
398	1.2118884062692292e-99
399	5.735299098288769e-100
400	2.7108572204060937e-100